image: barn_map.pgm
resolution: 0.050000
origin: [-7.464519, -4.989901, 0.000000]
negate: 0
occupied_thresh: 0.65
free_thresh: 0.196

